7 26 7
0.08167 0.01492 0.02782 0.04253 0.12702 0.02228 0.02015 0.06094 0.06966 0.00153 0.00772 0.04025 0.02406 0.06749 0.07507 0.01929 0.00095 0.05987 0.06327 0.09056 0.02758 0.00978 0.0236 0.0015 0.01974 0.00074
1 0 0 0 0 0 0
0.07636 0.00901 0.0326 0.03669 0.14715 0.01066 0.00866 0.00737 0.07529 0.00613 0.00074 0.05456 0.02968 0.07095 0.05796 0.02521 0.01362 0.06693 0.07948 0.07244 0.06311 0.01838 0.00049 0.00427 0.00128 0.00326
0 1 0 0 0 0 0
0.06516 0.01886 0.02732 0.05076 0.16396 0.01656 0.03009 0.04577 0.0655 0.00268 0.01417 0.03437 0.02534 0.09776 0.02594 0.0067 0.00018 0.07003 0.0727 0.06154 0.04166 0.00846 0.01921 0.00034 0.00039 0.01134
0 0 1 0 0 0 0
0.11525 0.02215 0.04019 0.0501 0.12181 0.00692 0.01768 0.00703 0.06247 0.00493 0.00011 0.04967 0.03157 0.06712 0.08683 0.0251 0.00877 0.06871 0.07977 0.04632 0.02927 0.01138 0.00017 0.00215 0.01008 0.00467
0 0 0 1 0 0 0
0.11745 0.00927 0.04501 0.03736 0.11792 0.01153 0.01644 0.00636 0.10143 0.00011 0.00009 0.0651 0.02512 0.06883 0.09832 0.03056 0.00505 0.06367 0.04981 0.05623 0.03011 0.02097 0.00033 0.00003 0.0002 0.01181
0 0 0 0 1 0 0
0.14634 0.01043 0.03882 0.04992 0.1257 0.01023 0.01303 0.00781 0.06186 0.00397 0.00015 0.02779 0.04738 0.04446 0.09735 0.02523 0.01204 0.0653 0.06805 0.04336 0.03639 0.01575 0.00037 0.00253 0.00006 0.0047
0 0 0 0 0 1 0
0.07486 0.01584 0.01242 0.05933 0.1891 0.00805 0.03403 0.0238 0.06499 0.0146 0.02248 0.03568 0.02213 0.10032 0.06063 0.0157 0.00009 0.06411 0.0373 0.0679 0.0199 0.0285 0.0152 0.00036 0.00035 0.0139
0 0 0 0 0 0 1