13 5 3
15.22 8.21 8.94 6.28 5.31
1 0 0
17.79 6.92 6.92 5.34 5.73
1 0 0
14.36 10.08 7.3 6.3 6.05
1 0 0
21.2 8.29 8.29 4.15 3.69
1 0 0
14.5 9.06 9.06 7.25 4.83
1 0 0

11.99 8.84 8.5 5.87 6.8
0 1 0
13.64 8.87 5.11 7.58 6.68
0 1 0
14.73 9.59 5.82 9.59 5.82
0 1 0
10 10.83 9.17 4.58 10
0 1 0

11.02 14.96 5.91 8.66 7.48
0 0 1
9.78 16.4 4.42 9.15 5.68
0 0 1
14.48 10.41 6.79 10.63 4.52
0 0 1
15.1 11.9 7.78 10.07 3.2
0 0 1

// FR  E A S I N
// ENG E T A O N
// ES  E A O I N

//FR 1 0 0
//EN 0 1 0
//ES 0 0 1

//TOTAL E A N O I